Problem nodes - [x,y]: [[50, 50], [65, 13], [45, 11], [57, 71], [92, 2], [73, 13], [44, 21], [80, 1], [50, 50]]

Client demand - [p,c]: [[ 0 40 45 54 53 44 48]]
Client total demand - [c]: [0.0, 40.0, 45.0, 54.0, 53.0, 44.0, 48.0]

Production time - [p,m]: [[1]]
Production cost - [p,m]: [[0]]

Machine capacity - [m]: [473.33333333333337]

Vehicle capacity - [k]: 142.0

Service time - [c]: [0, 0, 0, 0, 0, 0, 0]

Vehicle fixed cost: 250
Vehicle variable cost - [c,d]: [[99999, 39, 39, 22, 63, 43, 29, 57, 0], [39, 99999, 20, 58, 29, 8, 22, 19, 39], [39, 20, 99999, 61, 47, 28, 10, 36, 39], [22, 58, 61, 99999, 77, 60, 51, 73, 22], [63, 29, 47, 77, 99999, 21, 51, 12, 63], [43, 8, 28, 60, 21, 99999, 30, 13, 43], [29, 22, 10, 51, 51, 30, 99999, 41, 29], [57, 19, 36, 73, 12, 13, 41, 99999, 57], [0, 39, 39, 22, 63, 43, 29, 57, 99999]]
Travel time - [c,d]: [[99999, 39, 39, 22, 63, 43, 29, 57, 0], [39, 99999, 20, 58, 29, 8, 22, 19, 39], [39, 20, 99999, 61, 47, 28, 10, 36, 39], [22, 58, 61, 99999, 77, 60, 51, 73, 22], [63, 29, 47, 77, 99999, 21, 51, 12, 63], [43, 8, 28, 60, 21, 99999, 30, 13, 43], [29, 22, 10, 51, 51, 30, 99999, 41, 29], [57, 19, 36, 73, 12, 13, 41, 99999, 57], [0, 39, 39, 22, 63, 43, 29, 57, 99999]]

Product revenue - [p,q]: [[10]]
Product shelf-life - [p,q]: [817.1428571428572]

