Problem nodes - [x,y]: [[50, 50], [66, 70], [87, 35], [16, 91], [5, 42], [70, 53], [2, 56], [37, 37], [50, 50]]

Client demand - [p,c]: [[43 57  0 52 54 52 57]]
Client total demand - [c]: [43.0, 57.0, 0.0, 52.0, 54.0, 52.0, 57.0]

Production time - [p,m]: [[1]]
Production cost - [p,m]: [[0]]

Machine capacity - [m]: [525.0]

Vehicle capacity - [k]: 157.5

Service time - [c]: [0, 0, 0, 0, 0, 0, 0]

Vehicle fixed cost: 250
Vehicle variable cost - [c,d]: [[99999, 25, 39, 53, 45, 20, 48, 18, 0], [25, 99999, 40, 54, 67, 17, 65, 43, 25], [39, 40, 99999, 90, 82, 24, 87, 50, 39], [53, 54, 90, 99999, 50, 66, 37, 57, 53], [45, 67, 82, 50, 99999, 65, 14, 32, 45], [20, 17, 24, 66, 65, 99999, 68, 36, 20], [48, 65, 87, 37, 14, 68, 99999, 39, 48], [18, 43, 50, 57, 32, 36, 39, 99999, 18], [0, 25, 39, 53, 45, 20, 48, 18, 99999]]
Travel time - [c,d]: [[99999, 25, 39, 53, 45, 20, 48, 18, 0], [25, 99999, 40, 54, 67, 17, 65, 43, 25], [39, 40, 99999, 90, 82, 24, 87, 50, 39], [53, 54, 90, 99999, 50, 66, 37, 57, 53], [45, 67, 82, 50, 99999, 65, 14, 32, 45], [20, 17, 24, 66, 65, 99999, 68, 36, 20], [48, 65, 87, 37, 14, 68, 99999, 39, 48], [18, 43, 50, 57, 32, 36, 39, 99999, 18], [0, 25, 39, 53, 45, 20, 48, 18, 99999]]

Product revenue - [p,q]: [[10]]
Product shelf-life - [p,q]: [124.66428571428573]

