Problem nodes - [x,y]: [[50, 50], [83, 56], [11, 62], [24, 84], [98, 66], [75, 47], [88, 55], [24, 57], [19, 14], [34, 19], [60, 38], [50, 50]]

Client demand - [p,c]: [[40  1  1 56 56 59 42 52 55 51]]
Client total demand - [c]: [40.0, 1.0, 1.0, 56.0, 56.0, 59.0, 42.0, 52.0, 55.0, 51.0]

Production time - [p,m]: [[1]]
Production cost - [p,m]: [[0]]

Machine capacity - [m]: [688.3333333333335]

Vehicle capacity - [k]: 206.5

Service time - [c]: [0, 0, 0, 0, 0, 0, 0, 0, 0, 0]

Vehicle fixed cost: 250
Vehicle variable cost - [c,d]: [[99999, 33, 40, 42, 50, 25, 38, 26, 47, 34, 15, 0], [33, 99999, 72, 65, 18, 12, 5, 59, 76, 61, 29, 33], [40, 72, 99999, 25, 87, 65, 77, 13, 48, 48, 54, 40], [42, 65, 25, 99999, 76, 63, 70, 27, 70, 65, 58, 42], [50, 18, 87, 76, 99999, 29, 14, 74, 94, 79, 47, 50], [25, 12, 65, 63, 29, 99999, 15, 51, 65, 49, 17, 25], [38, 5, 77, 70, 14, 15, 99999, 64, 80, 64, 32, 38], [26, 59, 13, 27, 74, 51, 64, 99999, 43, 39, 40, 26], [47, 76, 48, 70, 94, 65, 80, 43, 99999, 15, 47, 47], [34, 61, 48, 65, 79, 49, 64, 39, 15, 99999, 32, 34], [15, 29, 54, 58, 47, 17, 32, 40, 47, 32, 99999, 15], [0, 33, 40, 42, 50, 25, 38, 26, 47, 34, 15, 99999]]
Travel time - [c,d]: [[99999, 33, 40, 42, 50, 25, 38, 26, 47, 34, 15, 0], [33, 99999, 72, 65, 18, 12, 5, 59, 76, 61, 29, 33], [40, 72, 99999, 25, 87, 65, 77, 13, 48, 48, 54, 40], [42, 65, 25, 99999, 76, 63, 70, 27, 70, 65, 58, 42], [50, 18, 87, 76, 99999, 29, 14, 74, 94, 79, 47, 50], [25, 12, 65, 63, 29, 99999, 15, 51, 65, 49, 17, 25], [38, 5, 77, 70, 14, 15, 99999, 64, 80, 64, 32, 38], [26, 59, 13, 27, 74, 51, 64, 99999, 43, 39, 40, 26], [47, 76, 48, 70, 94, 65, 80, 43, 99999, 15, 47, 47], [34, 61, 48, 65, 79, 49, 64, 39, 15, 99999, 32, 34], [15, 29, 54, 58, 47, 17, 32, 40, 47, 32, 99999, 15], [0, 33, 40, 42, 50, 25, 38, 26, 47, 34, 15, 99999]]

Product revenue - [p,q]: [[10]]
Product shelf-life - [p,q]: [801.8000000000001]

