Problem nodes - [x,y]: [[50, 50], [17, 10], [49, 67], [13, 70], [88, 41], [11, 15], [12, 46], [24, 34], [72, 49], [9, 42], [69, 99], [50, 50]]

Client demand - [p,c]: [[ 1 57 45  1 42 50 45 46 44 50]]
Client total demand - [c]: [1.0, 57.0, 45.0, 1.0, 42.0, 50.0, 45.0, 46.0, 44.0, 50.0]

Production time - [p,m]: [[1]]
Production cost - [p,m]: [[0]]

Machine capacity - [m]: [635.0000000000001]

Vehicle capacity - [k]: 190.5

Service time - [c]: [0, 0, 0, 0, 0, 0, 0, 0, 0, 0]

Vehicle fixed cost: 250
Vehicle variable cost - [c,d]: [[99999, 51, 17, 42, 39, 52, 38, 30, 22, 41, 52, 0], [51, 99999, 65, 60, 77, 7, 36, 25, 67, 32, 103, 51], [17, 65, 99999, 36, 46, 64, 42, 41, 29, 47, 37, 17], [42, 60, 36, 99999, 80, 55, 24, 37, 62, 28, 63, 42], [39, 77, 46, 80, 99999, 81, 76, 64, 17, 79, 61, 39], [52, 7, 64, 55, 81, 99999, 31, 23, 69, 27, 102, 52], [38, 36, 42, 24, 76, 31, 99999, 16, 60, 5, 77, 38], [30, 25, 41, 37, 64, 23, 16, 99999, 50, 17, 79, 30], [22, 67, 29, 62, 17, 69, 60, 50, 99999, 63, 50, 22], [41, 32, 47, 28, 79, 27, 5, 17, 63, 99999, 82, 41], [52, 103, 37, 63, 61, 102, 77, 79, 50, 82, 99999, 52], [0, 51, 17, 42, 39, 52, 38, 30, 22, 41, 52, 99999]]
Travel time - [c,d]: [[99999, 51, 17, 42, 39, 52, 38, 30, 22, 41, 52, 0], [51, 99999, 65, 60, 77, 7, 36, 25, 67, 32, 103, 51], [17, 65, 99999, 36, 46, 64, 42, 41, 29, 47, 37, 17], [42, 60, 36, 99999, 80, 55, 24, 37, 62, 28, 63, 42], [39, 77, 46, 80, 99999, 81, 76, 64, 17, 79, 61, 39], [52, 7, 64, 55, 81, 99999, 31, 23, 69, 27, 102, 52], [38, 36, 42, 24, 76, 31, 99999, 16, 60, 5, 77, 38], [30, 25, 41, 37, 64, 23, 16, 99999, 50, 17, 79, 30], [22, 67, 29, 62, 17, 69, 60, 50, 99999, 63, 50, 22], [41, 32, 47, 28, 79, 27, 5, 17, 63, 99999, 82, 41], [52, 103, 37, 63, 61, 102, 77, 79, 50, 82, 99999, 52], [0, 51, 17, 42, 39, 52, 38, 30, 22, 41, 52, 99999]]

Product revenue - [p,q]: [[10]]
Product shelf-life - [p,q]: [348.384]

