Problem nodes - [x,y]: [[50, 50], [65, 2], [45, 13], [57, 21], [92, 1], [73, 24], [44, 67], [80, 74], [13, 27], [11, 41], [71, 0], [50, 50]]

Client demand - [p,c]: [[ 1 49 45 58 44  1 51 51 51 45]]
Client total demand - [c]: [1.0, 49.0, 45.0, 58.0, 44.0, 1.0, 51.0, 51.0, 51.0, 45.0]

Production time - [p,m]: [[1]]
Production cost - [p,m]: [[0]]

Machine capacity - [m]: [660.0]

Vehicle capacity - [k]: 198.0

Service time - [c]: [0, 0, 0, 0, 0, 0, 0, 0, 0, 0]

Vehicle fixed cost: 250
Vehicle variable cost - [c,d]: [[99999, 50, 37, 29, 64, 34, 18, 38, 43, 40, 54, 0], [50, 99999, 22, 20, 27, 23, 68, 73, 57, 66, 6, 50], [37, 22, 99999, 14, 48, 30, 54, 70, 34, 44, 29, 37], [29, 20, 14, 99999, 40, 16, 47, 57, 44, 50, 25, 29], [64, 27, 48, 40, 99999, 29, 81, 73, 83, 90, 21, 64], [34, 23, 30, 16, 29, 99999, 51, 50, 60, 64, 24, 34], [18, 68, 54, 47, 81, 51, 99999, 36, 50, 42, 72, 18], [38, 73, 70, 57, 73, 50, 36, 99999, 81, 76, 74, 38], [43, 57, 34, 44, 83, 60, 50, 81, 99999, 14, 63, 43], [40, 66, 44, 50, 90, 64, 42, 76, 14, 99999, 72, 40], [54, 6, 29, 25, 21, 24, 72, 74, 63, 72, 99999, 54], [0, 50, 37, 29, 64, 34, 18, 38, 43, 40, 54, 99999]]
Travel time - [c,d]: [[99999, 50, 37, 29, 64, 34, 18, 38, 43, 40, 54, 0], [50, 99999, 22, 20, 27, 23, 68, 73, 57, 66, 6, 50], [37, 22, 99999, 14, 48, 30, 54, 70, 34, 44, 29, 37], [29, 20, 14, 99999, 40, 16, 47, 57, 44, 50, 25, 29], [64, 27, 48, 40, 99999, 29, 81, 73, 83, 90, 21, 64], [34, 23, 30, 16, 29, 99999, 51, 50, 60, 64, 24, 34], [18, 68, 54, 47, 81, 51, 99999, 36, 50, 42, 72, 18], [38, 73, 70, 57, 73, 50, 36, 99999, 81, 76, 74, 38], [43, 57, 34, 44, 83, 60, 50, 81, 99999, 14, 63, 43], [40, 66, 44, 50, 90, 64, 42, 76, 14, 99999, 72, 40], [54, 6, 29, 25, 21, 24, 72, 74, 63, 72, 99999, 54], [0, 50, 37, 29, 64, 34, 18, 38, 43, 40, 54, 99999]]

Product revenue - [p,q]: [[10]]
Product shelf-life - [p,q]: [4188.235]

