Problem nodes - [x,y]: [[50, 50], [21, 58], [40, 63], [89, 25], [48, 60], [26, 39], [76, 30], [72, 53], [37, 14], [19, 74], [43, 15], [50, 50]]

Client demand - [p,c]: [[ 1 57 50 40 43 58  1 52 57 44]]
Client total demand - [c]: [1.0, 57.0, 50.0, 40.0, 43.0, 58.0, 1.0, 52.0, 57.0, 44.0]

Production time - [p,m]: [[1]]
Production cost - [p,m]: [[0]]

Machine capacity - [m]: [671.6666666666669]

Vehicle capacity - [k]: 201.5

Service time - [c]: [0, 0, 0, 0, 0, 0, 0, 0, 0, 0]

Vehicle fixed cost: 250
Vehicle variable cost - [c,d]: [[99999, 30, 16, 46, 10, 26, 32, 22, 38, 39, 35, 0], [30, 99999, 19, 75, 27, 19, 61, 51, 46, 16, 48, 30], [16, 19, 99999, 62, 8, 27, 48, 33, 49, 23, 48, 16], [46, 75, 62, 99999, 53, 64, 13, 32, 53, 85, 47, 46], [10, 27, 8, 53, 99999, 30, 41, 25, 47, 32, 45, 10], [26, 19, 27, 64, 30, 99999, 50, 48, 27, 35, 29, 26], [32, 61, 48, 13, 41, 50, 99999, 23, 42, 72, 36, 32], [22, 51, 33, 32, 25, 48, 23, 99999, 52, 57, 47, 22], [38, 46, 49, 53, 47, 27, 42, 52, 99999, 62, 6, 38], [39, 16, 23, 85, 32, 35, 72, 57, 62, 99999, 63, 39], [35, 48, 48, 47, 45, 29, 36, 47, 6, 63, 99999, 35], [0, 30, 16, 46, 10, 26, 32, 22, 38, 39, 35, 99999]]
Travel time - [c,d]: [[99999, 30, 16, 46, 10, 26, 32, 22, 38, 39, 35, 0], [30, 99999, 19, 75, 27, 19, 61, 51, 46, 16, 48, 30], [16, 19, 99999, 62, 8, 27, 48, 33, 49, 23, 48, 16], [46, 75, 62, 99999, 53, 64, 13, 32, 53, 85, 47, 46], [10, 27, 8, 53, 99999, 30, 41, 25, 47, 32, 45, 10], [26, 19, 27, 64, 30, 99999, 50, 48, 27, 35, 29, 26], [32, 61, 48, 13, 41, 50, 99999, 23, 42, 72, 36, 32], [22, 51, 33, 32, 25, 48, 23, 99999, 52, 57, 47, 22], [38, 46, 49, 53, 47, 27, 42, 52, 99999, 62, 6, 38], [39, 16, 23, 85, 32, 35, 72, 57, 62, 99999, 63, 39], [35, 48, 48, 47, 45, 29, 36, 47, 6, 63, 99999, 35], [0, 30, 16, 46, 10, 26, 32, 22, 38, 39, 35, 99999]]

Product revenue - [p,q]: [[10]]
Product shelf-life - [p,q]: [3438.77]

