Problem nodes - [x,y]: [[50, 50], [50, 44], [27, 50], [89, 33], [35, 13], [77, 83], [71, 85], [66, 32], [88, 31], [78, 44], [14, 91], [50, 50]]

Client demand - [p,c]: [[59 42  1 49 55  1 45 49 53 54]]
Client total demand - [c]: [59.0, 42.0, 1.0, 49.0, 55.0, 1.0, 45.0, 49.0, 53.0, 54.0]

Production time - [p,m]: [[1]]
Production cost - [p,m]: [[0]]

Machine capacity - [m]: [680.0000000000001]

Vehicle capacity - [k]: 204.0

Service time - [c]: [0, 0, 0, 0, 0, 0, 0, 0, 0, 0]

Vehicle fixed cost: 250
Vehicle variable cost - [c,d]: [[99999, 6, 23, 42, 39, 42, 40, 24, 42, 28, 54, 0], [6, 99999, 23, 40, 34, 47, 46, 20, 40, 28, 59, 6], [23, 23, 99999, 64, 37, 59, 56, 42, 63, 51, 43, 23], [42, 40, 64, 99999, 57, 51, 55, 23, 2, 15, 94, 42], [39, 34, 37, 57, 99999, 81, 80, 36, 55, 53, 80, 39], [42, 47, 59, 51, 81, 99999, 6, 52, 53, 39, 63, 42], [40, 46, 56, 55, 80, 6, 99999, 53, 56, 41, 57, 40], [24, 20, 42, 23, 36, 52, 53, 99999, 22, 16, 78, 24], [42, 40, 63, 2, 55, 53, 56, 22, 99999, 16, 95, 42], [28, 28, 51, 15, 53, 39, 41, 16, 16, 99999, 79, 28], [54, 59, 43, 94, 80, 63, 57, 78, 95, 79, 99999, 54], [0, 6, 23, 42, 39, 42, 40, 24, 42, 28, 54, 99999]]
Travel time - [c,d]: [[99999, 6, 23, 42, 39, 42, 40, 24, 42, 28, 54, 0], [6, 99999, 23, 40, 34, 47, 46, 20, 40, 28, 59, 6], [23, 23, 99999, 64, 37, 59, 56, 42, 63, 51, 43, 23], [42, 40, 64, 99999, 57, 51, 55, 23, 2, 15, 94, 42], [39, 34, 37, 57, 99999, 81, 80, 36, 55, 53, 80, 39], [42, 47, 59, 51, 81, 99999, 6, 52, 53, 39, 63, 42], [40, 46, 56, 55, 80, 6, 99999, 53, 56, 41, 57, 40], [24, 20, 42, 23, 36, 52, 53, 99999, 22, 16, 78, 24], [42, 40, 63, 2, 55, 53, 56, 22, 99999, 16, 95, 42], [28, 28, 51, 15, 53, 39, 41, 16, 16, 99999, 79, 28], [54, 59, 43, 94, 80, 63, 57, 78, 95, 79, 99999, 54], [0, 6, 23, 42, 39, 42, 40, 24, 42, 28, 54, 99999]]

Product revenue - [p,q]: [[10]]
Product shelf-life - [p,q]: [740.0]

